除法测试 DIV：
00,c0,00,09,82,51,88,14,06,8a,46,0f,03,44,01,01,
01,01,01,01,01,01,01,01,01,01,01,01,01,01,45

乘法测试 MUL:
00,40,82,00,86,f5,87,ff,09,84,c9,0f,0b,0e,0d,44,01,
01,01,01,01,01,01,01,01,01,01,01,01,01,01,01,01,0e,46

测试中断 INT TEST :
0,c0,1,a5,11,90,80,11,14,17,80,20,90,0,11,48,1b,16,0,0,0,0,0,0,0,0,0,0,0,0,0,0,0,
c0,11,90,80,11,95,20,17,27

显示测试 HELLO WOWRLD:
0,80,0,14,89,1,6,85,0,81,9,f,8b,10,10,18,80,40,6,44,10,17,48,a8,0,40,6,a,44,1,b,29,
c0,c0,86,30,10,47,1c,c0,10,10,18,0,0,0,0,0,0,44,1,c0,10,10,18,0,0,0,0,0,0,0,0,0,1,
ff,4,4,4,ff,80,0,70,c8,a8,90,40,0,7f,80,40,0,0,7f,80,40,0,60,90,90,60,0,0,80,40,0,
f,70,80,70,80,60,1e,1,60,90,90,60,0,0,f8,20,10,0,0,7f,80,40,0,0,70,88,88,7f,80,40,
0,bf
